22 1.692772E-5 69 0.00794065 45 0.016142905 26 0.023985505 68 0.03147918
90 0.039045572 87 0.046547234 61 0.05438441 1 0.06274164 17 0.070634544
51 0.07826686 30 0.08620596 32 0.0942812 85 0.102416575 49 0.110108614
41 0.11828655 21 0.12608415 70 0.13458604 90 0.14255297 42 0.15107405
35 0.15860039 77 0.16651195 9 0.17439073 27 0.18261641 1 0.190314
0 0.19875962 91 0.20678735 60 0.21513015 15 0.22337735 60 0.23208618
39 0.23917806 95 0.24698055 28 0.25486583 4 0.26279753 56 0.27065384
25 0.27871358 87 0.2866752 39 0.29404193 56 0.3017283 69 0.3098811
21 0.31769574 64 0.3253994 62 0.3332057 25 0.3407656 47 0.34844548
97 0.35653138 7 0.3636949 5 0.37150073 7 0.37999195 10 0.3879391
58 0.39524007 52 0.40313864 15 0.4107777 29 0.4189794 35 0.42635113
30 0.433177 48 0.4404934 15 0.44871962 23 0.457058 27 0.46512932
48 0.4729545 80 0.48046315 81 0.48782665 77 0.49537194 90 0.50376123
45 0.51203173 90 0.5199164 58 0.5274427 28 0.5351337 36 0.5425651
7 0.5498661 88 0.55736643 2 0.5651096 74 0.57295436 94 0.58073145
98 0.58833486 56 0.5962886 34 0.604262 21 0.6116927 24 0.620197
69 0.62781626 21 0.6354236 89 0.64358586 15 0.65160465 89 0.65903026
36 0.66636944 51 0.6744138 44 0.68256265 88 0.69046724 31 0.69825363
97 0.70577675 61 0.71308726 55 0.7217601 95 0.72950196 74 0.7375322
70 0.74539065 61 0.75296104 2 0.76082844 72 0.7682797 28 0.7763683
9 0.78521156 88 0.7924819 47 0.80000675 53 0.8082588 21 0.8156799
34 0.8234447 46 0.8306944 6 0.83839107 32 0.84588087 59 0.85386604
41 0.86110204 51 0.8687655 95 0.8767213 80 0.88449377 65 0.8917285
55 0.8988598 76 0.90655667 55 0.9146388 76 0.92250764 66 0.9299822
74 0.93773353 69 0.9454709 96 0.95281535 45 0.960513 26 0.968342
12 0.97671777 42 0.9841526 97 0.9921829