5 2.3007393E-5 0 0.015965104 7 0.03113544 2 0.04633522 8 0.061833024
2 0.07775402 6 0.09369326 4 0.10869402 5 0.12386489 2 0.14017713
6 0.15629607 2 0.17235553 4 0.18876946 4 0.2051822 2 0.22081393
0 0.23608929 5 0.25131863 6 0.26606345 2 0.28190988 4 0.29680258
0 0.313204 7 0.33026683 0 0.34622687 3 0.36155945 5 0.37627727
7 0.39211166 9 0.40839016 5 0.42439204 8 0.4405486 6 0.45650905
5 0.47323942 6 0.48869222 9 0.50420374 3 0.5191477 1 0.53480226
2 0.55083144 2 0.56635743 8 0.5819232 4 0.5978463 7 0.6130683
4 0.62747777 3 0.64216495 3 0.65808123 4 0.6732515 7 0.6892765
8 0.70377046 3 0.71886057 1 0.7350991 0 0.74961424 3 0.76466924
0 0.77954996 2 0.79426205 1 0.8095166 7 0.8258025 2 0.8419689
7 0.85790545 1 0.87345296 3 0.88912535 4 0.90487576 8 0.92031336
2 0.93663037 2 0.9516788 3 0.9686453 4 0.98449624